12
  0 0  1 0  2 0
  0 1       2 1
  0 2       2 2
  0 3       2 3
  0 4  1 4  2 4

5
            2 0
            2 1
            2 2
            2 3
            2 4

11
  0 0  1 0  2 0
            2 1
  0 2  1 2  2 2
  0 3
  0 4  1 4  2 4

11
  0 0  1 0  2 0
            2 1
  0 2  1 2  2 2
            2 3
  0 4  1 4  2 4

9
  0 0       2 0
  0 1       2 1
  0 2  1 2  2 2
            2 3
            2 4

11
  0 0  1 0  2 0
  0 1
  0 2  1 2  2 2
            2 3
  0 4  1 4  2 4

12
  0 0  1 0  2 0
  0 1
  0 2  1 2  2 2
  0 3       2 3
  0 4  1 4  2 4

7
  0 0  1 0  2 0
            2 1
            2 2
            2 3
            2 4

13
  0 0  1 0  2 0
  0 1       2 1
  0 2  1 2  2 2
  0 3       2 3
  0 4  1 4  2 4

12
  0 0  1 0  2 0
  0 1       2 1
  0 2  1 2  2 2
            2 3
  0 4  1 4  2 4
