14

1
  0 0
1

2
  0 0
  0 1
2

3
  0 0
  0 1
  0 2
3

4
  0 0
  0 1
  0 2
  0 3
4

5
  0 0
  0 1
  0 2
  0 3
  0 4
5

2
  0 0  1 0
6

3
  0 0  1 0  2 0
7

4
  0 0  1 0  2 0  3 0
8

5
  0 0  1 0  2 0  3 0  4 0
9

3
  0 0  1 0
       1 1
10

3
  0 0
  0 1  1 1
11

4
  0 0
  0 1  1 1
       1 2
12

4
  0 0  1 0
  0 1  1 1
13

4
  0 0  1 0  2 0
            2 1
14

5
  0 0
  0 1
  0 2  1 2  2 2
15

5
  0 0  1 0  2 0
	    2 1
            2 2
16

5
  0 0  1 0  2 0
  0 1       2 1
1

5
  0 0       2 0
  0 1  1 1  2 1
2

5
  0 0  1 0
  0 1
  0 2  1 2
3

5
  0 0  1 0
       1 1
  0 2  1 2
4

4
  0 0  1 0
       1 1  2 1
5

4
  0 0
  0 1
  0 2  1 2
6

4
  0 0
  0 1  1 1  2 1
7

4
  0 0  1 0
  0 1
  0 2
8

4
  0 0  1 0  2 0
  0 1
9

4
  0 0  1 0
       1 1
       1 2
10

5
  0 0
  0 1  1 1
       1 2  2 2
11

5
  0 0  1 0
       1 1  2 1
            2 2
12
